0,0013134051909925281 5857852,949076484 4,992415904115283 6,834329928005081 0,12132104856281994
0,0012205714744676706 9993632,951385273 6,985738068888488 6,928717942252792 0,11669125051843351
0,000955153162631107 42005250,95821406 3,4876474774372825 7,123189667127336 0,09751253022507982
0,0009209129211734167 23524380,95792143 4,325247559426781 7,123749795582205 0,10989792069245757
0,0011479248337933593 10455720,951385275 3,4042254443779627 6,969374404209253 0,1226460044955438
0,0011722903600730125 7534242,953417663 5,126262610935667 6,935996632999457 0,11689687407028768
0,0011901968151559902 13573600,95166981 6,853087286285836 6,947650904332859 0,11404215733255067
0,0011212457741130715 8698900,95568581 6,791877183422653 6,997504013506511 0,10644209188947727
0,0011564724693083443 10933650,950263396 7,078351958250973 6,9412566494673085 0,11384462056089542
0,0011425291446573616 13573600,9609944 5,559346085031627 6,9717227724135356 0,0979662405971832
0,0011992775295834343 13011010,950507281 4,057789793704874 6,945351348503703 0,11024070778910113
0,0011715595410035872 13573600,954157451 7,900206062031377 6,9742300705690194 0,10953341410433318
0,0009339315197962411 20256600,95637682 6,412826145671184 7,14178796798279 0,10072765066687091
0,001099859832471312 13011010,953694064 5,028891022487605 7,005341882530956 0,10400533632770616
0,0011616585221549335 16008300,952433985 4,179534237978458 7,0441894787332915 0,10323400951839556
0,0011062735661854753 16665000,954189964 7,7667805294005205 6,993232692253004 0,1061779737090347
0,0010120887133741993 18756712,95867748 6,690447084958985 7,0714789402532725 0,10131618629440041
0,0010766122782823035 9993632,956645096 4,675627868764437 7,002103547557394 0,10384025714797895
0,0012033966315296157 12466092,946718914 5,4957304758966306 6,9239395828624986 0,11116689781945366
0,0011124122348818277 11427780,955433786 9,495131208334618 6,998389642180102 0,1042108927294028
0,0012520422962938697 5272500,950808077 5,76312128384806 6,86353788564783 0,11946622662825951
0,001213595846764706 10933650,945255592 4,454934650631579 6,901396742634397 0,1177069453407947
0,0013041342706253246 6168162,942272047 10,050788431751833 6,788309357721483 0,11992186097902505
0,0011905526416951273 10455720,949312238 3,913594141428691 6,933655171874024 0,11470362184818936
0,0012747083939651663 11938472,9536209 10,3008100344594 6,890426576982146 0,10791503121319651
0,0012294031631894247 7173360,952084415 7,2405021092523025 6,918614820059646 0,12431174999098366
0,0011664325722814373 10455720,952677872 5,202444885708344 6,95852122128885 0,11144370175103938
0,0012260817630128176 4996850,945206815 5,854767575491002 6,916347126285463 0,13013531608867554
0,0013336204210231634 6825600,9459547335 4,530705526887499 6,864499035049748 0,1282951380743833
0,0013163726151394842 9115570,956393078 7,70442019186042 6,8596018579668545 0,11303471705019517
0,0011423357664156262 17341700,953425795 5,692452001570847 6,992232403991031 0,10463334133539598
0,0014126293776836657 4478112,942906152 8,054646026061295 6,807245826383587 0,13011320920391398
0,0010676519791509792 17341700,95869374 4,300567957617177 7,021124611117058 0,10059440462796318
0,0013410253669278857 9993632,949499216 3,4472452292343023 6,880910291435616 0,12448482330700722
0,0011006157655981052 4732152,956986537 6,852497968905993 6,960620466924295 0,10676756786051976
0,001086807528139913 10933650,9543363 10,984939815381003 7,0091883521052 0,10628532581421546
0,0014445476262687777 6490640,936784599 5,926706272055358 6,831215086408816 0,13930147063229903
0,001259520072964955 8698900,946743298 12,831793744711685 6,915661789390408 0,12979257617502818
0,0011991462755888704 13011010,947385533 4,280885605472626 6,911981548773101 0,11959252530003803
0,0010877218120073802 8698900,950295914 5,192777182617543 6,983477747265154 0,1110341901485635
0,0011527454110156132 7173360,956685743 6,82801402641809 6,955086607687418 0,11004848037291486
0,0011833454359473684 7534242,946840854 7,141730942736517 6,932504340075324 0,12210693390606672
0,0010025723361410368 16008300,957181646 4,8463224060667995 7,052530204756797 0,10372660805713933
0,0010111495798078645 18038802,95426314 6,8742457589767385 7,060408626854573 0,10123997526229497
0,0013946730910237024 3357772,9461742328 4,1907371940877916 6,796754727698697 0,12140793516430985
0,001233173972813679 7173360,948231009 4,701993161817072 6,899568508896451 0,12057753412253429
0,0014088243336338405 4732152,944686525 9,06249085987034 6,807369329144986 0,13287924004693352
0,0011796140157394053 9115570,951523475 7,030049963510248 6,943635365927944 0,11249246549019895
0,0008847737926201693 38145252,964295 5,011532705865857 7,181415677803043 0,08789988734642364
0,0011013527970922452 15371202,958384817 3,047088529377402 6,990211984263643 0,10701785752934823
0,0013261616781639757 8698900,948027771 4,188529555830483 6,854923036594212 0,12515514479474912
0,0011489013740872398 10933650,95668574 7,720806537686222 6,963600155607 0,10316197471564667
0,0008834327019566904 40687500,94601977 4,501579914050166 7,133363978335821 0,10503385715165874
0,0009757536951734807 43354752,946409985 4,291624582719746 7,087332088265544 0,11088106593862519
0,0011164287657305454 14753312,95092189 7,732688543594457 7,011764068463335 0,11348187833276001
0,0012969897178417417 5857852,949279722 10,000856129652629 6,8589796987698115 0,12766289642719755
0,0011272009780113812 17341700,95387292 4,195937962942982 6,98624070827664 0,11129912377331881
0,0011032043640165445 34557600,95061296 4,456154923074834 7,052756059340858 0,10653772672771902
0,0012946139280146781 13011010,93929663 5,268899656640822 6,927178105316611 0,13324638118880014
0,001134757930052805 21039410,95324694 6,2625458023044995 7,003435239931685 0,10633919842752751
0,001345843564923652 11427780,94563768 5,1698385191610186 6,868806804029581 0,1163753678616076
0,0010769020151967894 11427780,949361015 7,241416224620059 7,013581939628661 0,11575749547538852
0,0008129638465939749 64023400,963807225 3,683229106817081 7,2427687709737825 0,09312051098621031
0,0009352186813260011 24399650,956913374 4,085560859047909 7,127125937412016 0,09836668300144198
0,0008445801977736564 30175080,954620842 5,297779285565077 7,20690498886364 0,09701241202073883
0,0009555613321529693 21039410,96489659 4,260279819138233 7,13399403957968 0,08567307862519333
0,0007581043031405116 69690192,96118952 4,767531581621962 7,283115100711058 0,08822429670452756
0,0009785421486168762 24399650,955385022 4,592000781926351 7,0934228922875775 0,09662662970908896
0,000978246331456924 21844692,956441853 3,7975895600335425 7,105548921760253 0,1075951293827256
0,001608131079061139 11938472,937434964 10,689474509361318 6,749590485038382 0,15234007029524577
0,0015068204429196656 4478112,936004163 5,544632304239124 6,795750489196267 0,14388945831693487
0,0013836514564994173 6490640,94221514 9,027129001972627 6,838590871715939 0,1361406336557349
0,0015656318815689394 3562792,939426704 10,366652852177438 6,724232293948677 0,13941297786471624
0,0014352579364481613 4000850,9420769387 6,403176160557596 6,803214978060965 0,1358183213791834
0,0016283378496198197 4478112,938085329 9,17163378923144 6,707280740420396 0,14880834445793906
0,0011102405298156984 36919762,95336076 7,438234492529629 7,0502174871383785 0,10998792249402409
0,0011564061153251921 18756712,954880983 7,138578138827743 6,977323665812306 0,10849339604230729
0,0012168025153529004 53733330,94766194 5,610988024624492 6,975752476586888 0,11768104771917522
0,0008808733151523505 71660160,95126334 10,329553529920663 7,174472846458165 0,1099367266401002
0,0014966477957136927 9993632,934459545 8,193563953231429 6,764695449691664 0,14179659383569468
0,003063667559400374 3357772,9240862387 12,256897933436173 6,19371792946627 0,1588087324838603
0,0020340928531352434 3562792,9156233743 15,809632293240874 6,472833798120255 0,1714970487248387
0,0021352193635824227 1758792,9293216704 14,66637429295215 6,494833404296013 0,17008434112874482
0,0014584867211837774 4996850,9358415725 15,001797560910507 6,777440677722197 0,15918506234312757
0,002279143928804477 3161730,9201921835 25,999788044688692 6,530198485537146 0,18168275322768937
0,0027919949220243287 9993632,91116838 31,45041545270313 6,312382556746757 0,17030073907177817
0,0012439422197170345 18038802,945491347 5,6943160876315835 6,935670216555528 0,1323387804257527
0,0012178041697041588 23524380,93776015 16,737411930017085 6,9272757280328605 0,13631023346743634
0,0016601873649952845 20256600,93118334 12,331577956796139 6,754823408574577 0,14242069379184286
0,0010734931123571414 40687500,94084124 6,653419645081187 7,035481640995597 0,12618408909889753
0,0033492808778424325 2018980,908258 26,04934227571711 6,162193567452317 0,19357559216807763
0,0023451252986531985 3161730,900819459 13,928366518113751 6,421958341727055 0,20283594795042295
0,001955290360462159 2795520,923956166 11,15633667337416 6,56147110538822 0,1675564202890952
0,0014612664507967223 5857852,936491935 18,98254416085333 6,77095514566342 0,14910410605934243
0,0017656734114431332 6825600,930996358 8,016641169928834 6,699618300301531 0,14441159166561918
0,001801031624991473 22672872,92585848 28,125359250440212 6,718794302263833 0,16196174897835025
0,001810918104122693 4234440,9242813485 19,205542115373344 6,615993606977803 0,17132065477057518
0,001971759234029666 3562792,9272161163 30,87687807238917 6,557606444892418 0,16672088475598024
0,0010456938335389628 42005250,95030404 13,832829018162982 7,070067024990539 0,13205015716940993
0,0009862968408152631 36919762,944353215 12,14987996244338 7,090880531182412 0,12757419409129528
0,0017483716764257389 3357772,930354124 13,829383950579786 6,6588947265069685 0,16423555514912425
0,002306655982113906 2018980,9230944333 14,537652697243184 6,445526330208362 0,17789247652769252
0,0020242043913152744 4732152,915989205 14,917622026421691 6,584119682016839 0,1678262734237859
0,00222564437764714 3161730,9197206693 13,298622464011318 6,4725623517873565 0,1665566752149723
0,0021209792965167446 4732152,923086303 8,916339581541067 6,528164373132462 0,1491243770634112
0,0015382715700377183 15371202,933849826 6,559412245309469 6,772795434601357 0,14504275183445833
0,00303640439961738 5559400,897852173 12,580420440487808 6,323206709981764 0,17839704385321126
0,001303980678337623 23524380,929972038 11,31909049168302 6,914950782941232 0,1525940322026814
0,0016889724366547973 6825600,931232112 8,97367993454583 6,709092886713593 0,14566354542901558
0,0013676631866823999 14154240,912883712 8,766709522260225 6,883937432762902 0,17225172778294776
0,003290119825078738 4996850,890421761 30,69018331838807 6,202047339664095 0,2165418021654514
0,0012530731622592177 11427780,951848658 17,2906194074199 6,911440635253243 0,12856434807140613
0,0009956548673077594 20256600,951621033 10,127832278137625 7,061167418827345 0,10516390661486089
0,0014815718270753918 6168162,942426506 12,132946589223575 6,7608292083228 0,12767093458768883
