0,4702703737745099 0,08535117123384743 0,9019607843137255 233,92158400615097
0,4557253370098038 0,07428551793719589 0,6313725490196078 218,3208150711262
0,3993259803921569 0,07843498670441172 0,8980392156862745 169,58800461361
0,44325597426470636 0,0623298893085332 0,6078431372549019 205,16953479430967
0,38077129289215705 0,07754626847211106 0,5764705882352941 154,6242060745867
0,4236481311274511 0,10493760715276276 0,8431372549019608 195,06139177239507
0,5360677083333334 0,08543470007049074 0,8901960784313725 301,73970011533976
0,4391927083333334 0,09280011582016506 0,8470588235294118 206,33814686659022
0,4976792279411762 0,07684687100573254 0,8431372549019608 259,67621683967684
0,4192516850490199 0,13527061337369645 0,6823529411764706 198,72779700115316
0,528553921568628 0,08324939905085955 0,8901960784313725 293,17090349865435
0,5562538296568624 0,09351400126647663 0,7490196078431373 325,7991080353713
0,4384229473039205 0,06850338436109167 0,7294117647058823 201,63317185697764
0,5068474264705889 0,060868505938973576 0,6588235294117647 266,8536716647443
0,4875880821078436 0,07028163392940148 0,6588235294117647 248,50600538254503
0,534340533088235 0,0485039439988988 0,6666666666666666 294,78137639369476
0,49489123774509824 0,057306593728018704 0,6274509803921569 254,15821607074156
0,5577703737745094 0,04981314618598787 0,7098039215686275 321,11527873894664
0,5059857536764705 0,09267933482475635 0,9019607843137255 270,9617070357557
0,48829656862745136 0,06797481054802944 0,6980392156862745 248,88741253364103
0,5162607230392156 0,09135271379236701 0,9019607843137255 281,46734332948864
0,42300474877450994 0,11447998320233152 0,8901960784313725 196,6476124567474
0,3699678308823536 0,05827697102727811 0,5215686274509804 143,6389388696658
0,3587354473039222 0,032621868455372655 0,4745098039215686 132,86943483275755
0,4169194240196076 0,04789938540702853 0,5490196078431373 180,34294502114548
0,27313878676470665 0,04664641977735381 0,41568627450980394 78,62342176086118
0,3040211397058832 0,06690697702514227 0,49411764705882355 99,23112648981203
0,29095052083333467 0,06197408253186143 0,4823529411764706 90,6168242983472
0,22799096200980448 0,06196444721903158 0,4823529411764706 57,15913879277185
0,352236519607844 0,08950466771358276 0,5529411764705883 135,25161091887713
0,2989085477941192 0,09241875519535311 0,8588235294117647 100,23684736639778
0,23110830269607918 0,07985969186251707 0,8431372549019608 61,22354479046527
0,3350643382352951 0,10257100258493668 0,8470588235294118 125,73585544021536
0,20606234681372612 0,04422947475687609 0,396078431372549 45,48396770472907
0,21049325980392258 0,06520164811262978 0,3843137254901961 49,724075355632486
0,28170955882353005 0,049722056056198755 0,4549019607843137 83,79653979238779
0,3096086090686284 0,05498866959670314 0,5137254901960784 101,25439446366839
0,3852979473039207 0,06097506476353021 0,5568627450980392 155,8246059208003
0,28184742647058925 0,10106312231140131 0,596078431372549 91,80336793540964
0,2710094975490207 0,05961076867056213 0,4745098039215686 78,84758169934636
0,29728860294117776 0,05549407220196514 0,5803921568627451 93,65514801999275
0,3700865502450984 0,13687454087715206 0,7254901960784313 159,43546328335248
0,5019952512254897 0,11396854052151058 0,8431372549019608 271,3477739331028
0,31719515931372577 0,048806584060514434 0,4666666666666667 105,46672818146912
0,28025428921568696 0,04258022681591774 0,41568627450980394 82,28407535563255
0,30950903799019674 0,050814151141280434 0,4745098039215686 100,73899269511777
0,2566904105392166 0,03810664128604421 0,3686274509803922 68,95829296424428
0,2626455269607853 0,04291689409977837 0,3803921568627451 72,52432141484051
0,3556832107843139 0,07911707753175376 0,8431372549019608 135,95653979238833
0,22825137867647155 0,06853551514122692 0,8470588235294118 58,158908112264555
0,2947495404411772 0,0952142329091057 0,8392156862745098 98,24567474048469
0,4104856004901958 0,05475693415688949 0,5450980392156862 175,61267204921197
0,3690104166666673 0,09813554048427627 0,5647058823529412 149,29845444059998
0,22205116421568688 0,05474670802053341 0,4745098039215686 53,55921568627454
0,32606464460784484 0,07502322738650241 0,5333333333333333 114,63335640138446
0,31966145833333376 0,08011724131603248 0,8509803921568627 111,2086735870823
0,2926662071078435 0,042693997014620844 0,4196078431372549 89,57571703191103
0,652910539215686 0,05062979486304533 0,788235294117647 439,14808150711485
0,6229281556372537 0,05789879352233274 0,7725490196078432 400,7851595540196
0,6347005208333317 0,09403044511442132 0,8901960784313725 421,5669511726272
0,5815908394607839 0,10414960407751912 0,7725490196078432 357,4733256439842
0,5965724571078423 0,06924949497505184 0,7215686274509804 369,35084967320387
0,560516237745099 0,05952971920156899 0,7019607843137254 325,34757400999723
0,6925972732843129 0,06317388112625101 0,8980392156862745 495,2902883506369
0,5614928002450977 0,06344744881396654 0,7215686274509804 326,9629373317961
0,6298406862745085 0,05747663336588832 0,7647058823529411 409,6029219530963
0,6397518382352931 0,06587700709037238 0,8941176470588236 423,54912725874857
0,6092869178921555 0,054532551490124336 0,7568627450980392 383,1852518262224
0,6089077818627453 0,06475768121083231 0,8431372549019608 383,9613379469439
0,7189414828431364 0,0945773941395282 0,9764705882352941 538,4414609765494
0,5639169730392157 0,06454978741850316 0,8470588235294118 329,90108419838515
0,5158203125000005 0,07016750676869118 0,8470588235294118 277,49793156478205
0,6648935355392146 0,0680397250479005 0,8392156862745098 457,4339254133051
0,6610600490196077 0,08202264909095679 0,8901960784313725 454,37757785467323
0,6282322303921565 0,0686475110054279 0,8431372549019608 408,9735332564418
0,5160539215686273 0,06942842712243262 0,8392156862745098 277,63912341407115
0,6011871936274525 0,059490468564544256 0,7764705882352941 373,7243214148415
0,5967218137254905 0,05010987865107556 0,7215686274509804 367,19403306420685
0,570492493872549 0,06871770475088507 0,7529411764705882 338,10821991541775
0,6880744485294095 0,05238598303251613 0,8392156862745098 487,61931564783004
0,6401692708333343 0,056192494333969716 0,7686274509803922 422,8856747404863
0,6140203737745086 0,06361984667573961 0,8941176470588236 390,2141484044614
0,5711243872549014 0,054480566620659636 0,7019607843137254 337,050826605153
0,6242149203431366 0,05947652644000385 0,807843137254902 402,61808535178943
0,5813036151960783 0,054223569890533514 0,7215686274509804 349,03458669742474
0,5768267463235285 0,052711260026840165 0,7058823529411765 343,55975394079275
0,7220856311274509 0,05971435380168279 0,9215686274509803 537,572825836218
0,652037377450978 0,06485768472633271 0,8941176470588236 439,66388312187854
0,5521790747549021 0,0482180680392903 0,6823529411764706 314,60015378700433
0,6268803615196067 0,06775124730630888 0,7764705882352941 407,11088043060573
0,5753255208333333 0,05902178782371864 0,6980392156862745 342,51061899269564
0,5612630208333326 0,05088039029066427 0,6862745098039216 325,22751249519433
0,6555032169117645 0,059641591090801915 0,8431372549019608 443,6393848519825
0,5413756127450976 0,057241197411634435 0,6823529411764706 303,4768473663975
0,5581227022058841 0,07339093331639722 0,7607843137254902 324,49247212610544
0,6495710784313732 0,06732970168578134 0,8901960784313725 436,71129565551973
0,6203086703431369 0,06159429981358673 0,7490196078431373 397,90254517493395
0,5807866115196076 0,059444566791736264 0,7137254901960784 349,0270665128805
0,6240579044117645 0,05781475218810706 0,7725490196078432 402,2177931564802
0,6515433517156864 0,06930554974267031 0,8705882352941177 439,61548635140554
0,6757621017156854 0,07402920187108317 0,8941176470588236 473,2259746251468
0,6696614583333329 0,048202255685521785 0,7725490196078432 461,58840445982577
0,6534658394607842 0,05762302218128452 0,803921568627451 440,666128412152
0,6258808210784292 0,046986937000780576 0,7607843137254902 403,38900422914463
0,6738587622549014 0,059484109685481096 0,8431372549019608 468,6069665513288
0,6746361825980383 0,0806053948513636 0,8941176470588236 472,7103575547882
0,6790173100490196 0,07249332740515241 0,8352941176470589 477,5114648212244
0,7398552389705867 0,06496355370447927 0,9294117647058824 564,84458285275
0,6784352022058824 0,05899141165558268 0,8431372549019608 474,884413687045
0,6671185661764705 0,09354114586350487 0,8980392156862745 464,6882583621707
0,5469630821078431 0,10257121527718253 0,7843137254901961 317,1220146097656
0,5317325367647056 0,07455830093112079 0,8980392156862745 295,21759323337164
0,6107843137254909 0,06025474962174635 0,788235294117647 385,7286274509806
0,6164368872549005 0,07098905007836893 0,7843137254901961 394,2746943483291
