0,0005071834830031405 46151040,96098089 1,6158442923861789 7,869217295656288
0,0004112715339176341 77821212,96141188 8,629282896968366 7,979891854997877
0,00039835190321400285 52147172,96821123 2,678875516715993 8,007387354213297
0,0008507498784433354 39401000,93371728 1,2262980548944036 7,448264947299265
0,00043105704776278514 44736512,96546441 3,7019370505969964 7,952218253311512
0,0007175269623357347 50596392,933529824 1,995427422205161 7,709365967883073
0,0005513651902294642 52147172,94724292 2,902561732800292 7,8216732111520795
0,00043052166067831306 73671600,95804669 2,904161900949522 7,982936917786915
0,0009407945478083274 36919762,92589754 1,54654179051033 7,490964466740085
0,0007049497025135823 49080460,946241185 1,2846365027296691 7,64237361315181
0,0005356655676405826 44736512,956897154 1,9538288563265491 7,818731208056506
0,0004240329544766467 65872380,964389816 8,101171353908022 7,9502861603518475
0,0003892185003437168 58709432,965435274 3,647471891982387 8,03271727783134
0,0007979361299722243 29147900,930976678 1,5031692323580663 7,483429577719464
0,0004733123745294841 38145252,952401094 4,952725522833017 7,8727731467180195
0,0005876180374656507 30175080,959140033 1,5844670418280788 7,7834145004079
0,0003713915363253594 47598850,973556966 3,510976799378753 8,06744945996227
0,0003465383106892951 60442482,977138564 6,394987420052293 8,104178165503367
0,0010026933887223558 27172432,931901317 1,094763877542306 7,3228788465926495
0,0005831278911449008 40687500,95519175 1,8977516896991347 7,804027377274512
0,0006662574128751391 24399650,951709718 1,6464293290661585 7,617811554710809
0,0004817774802634054 47598850,960628964 1,6399649813968582 7,870634265979897
0,000456410949831562 44736512,96783851 1,9953765173369824 7,904161122390583
0,0012604681497245147 36919762,92000632 1,030136541264454 7,151243716827763
0,0008574007758463847 28147170,93583718 1,1972362531500977 7,428011951785104
0,0007361459224698327 46151040,94903597 1,5880083675327934 7,665621966168011
0,0003709518593963485 55355400,97502908 7,308899550993651 8,058530699621345
0,000405733719169132 44736512,969281696 5,796804842706564 7,989657281682392
0,0010915233413954846 44736512,933596455 1,0995352572291388 7,369148852230621
0,0003777874986491253 46151040,97483775 2,3197890509337977 8,064033894559353
0,00046770771445535066 25299120,968923345 2,16768757226388 7,859522831835296
0,00036571500906969364 49080460,971397355 4,12091701634734 8,066257613856104
0,000373138005977989 40687500,97777393 4,88822105170057 8,03766250633116
0,0010032346563220525 27172432,93242816 1,0030341463819554 7,280971384766748
0,0005547277954607652 22672872,965760075 2,0072554014510358 7,761350438504045
0,00047110301812672414 38145252,962542795 2,165792093742658 7,897212975017917
0,0004276624553041778 57013920,961530566 2,546106098236092 7,980699429324287
0,00055169000629857 49080460,95102883 2,5060439467166855 7,852250874323737
0,0006941894264867127 39401000,947646886 1,2501945585659675 7,616673341047087
0,0007943100637819098 24399650,941303603 1,2761337016981589 7,484832326395487
0,0005941123639827313 60442482,958740145 5,327882193129374 7,749766939598073
0,0004251770269259838 60442482,96223449 5,1875374754078685 7,952979788550479
0,0004520803146543911 65872380,95481672 4,071356175788128 7,892911256341382
0,000674702344452141 42005250,94454193 4,143496950173969 7,6492168470869
0,0006491818538055348 71660160,94301124 1,7276306365843022 7,7432610814071205
0,0008793273783431579 36919762,92369223 1,693555056248364 7,471225087482298
0,0008238758978844217 49080460,92466062 1,961513335575837 7,547427711582941
0,0007245764337745602 49080460,93085178 2,2308846429837903 7,636147934636292
0,0014619627459820403 29147900,903767183 1,153574150461755 7,052074833954048
0,0012826446654446554 39401000,90277179 1,4567514610817809 7,273264963980656
0,0007209265853235908 57013920,939462766 1,8491853300216723 7,628991768829526
0,0004825276015598661 75725090,9573177 8,221657664148566 7,859746640890207
0,0005265148094444204 69690192,94893377 3,380611394263515 7,8571203065640205
0,00109132225032573 52147172,91123703 1,2759567227745006 7,339383623396917
0,000604659527709629 34557600,948490255 2,8396644922457295 7,760948396966128
0,0005670092081235793 53733330,95147239 2,3651868735711625 7,794717628592414
0,0005359796374584179 62213620,95559971 6,901211497649129 7,797438912489608
0,0003866375352765731 75725090,96581216 6,477683256034945 8,023382020597346
0,0009204396561130247 29147900,925526872 1,278417447292201 7,37927319544951
0,0005120165379516108 55355400,95443362 5,031123118575827 7,829248587777259
0,0003942561156924482 64023400,96779877 8,213373279585436 8,008339534761307
0,00047718851006301925 73671600,96986452 20,275913655597293 7,883935482951199
0,00038221839747805083 71660160,97180744 14,8256184257088 8,031247200035573
0,00043492189062553145 67761122,95475835 4,641102589068415 7,964533691029602
0,00039142526342192245 52147172,965354055 4,677171667759496 8,010010157400558
0,0005792948880629157 49080460,95006886 1,9574918109658697 7,812723812523286
0,000499257285724171 60442482,958379805 2,234616924724427 7,880806243722423
0,0005781645021224523 101258092,94533911 1,9163262092392028 7,841758043760365
0,0008385572459483023 31229172,938377794 1,2311876990866344 7,448575984821244
0,0006010604268907109 49080460,94720336 1,941430199391542 7,762269909716337
0,0008098067305358858 27172432,94262182 1,2523118758359328 7,438196471889208
0,0006010980170868026 35724040,95392552 1,8003895774795904 7,761968186641125
0,0004464636160033874 36919762,97420661 2,1972300561038542 7,9148580243929665
0,0008017409794371099 22672872,94496251 1,2392188081321338 7,441294651785276
0,0005697777512181218 26223232,954302356 1,957970339438301 7,728751710169787
0,0005340055276842985 35724040,962207556 1,692521842177294 7,816754782536986
0,0004366960195156688 53733330,968710706 1,8701703843177748 7,967053022624122
0,00031165600512489004 88961952,97960976 5,283475370654877 8,185397521925095
0,0008845132642046139 33419960,93374226 1,1330928230118436 7,4563477391081046
0,0005577089217823829 35724040,954954356 1,6578077145497783 7,8070672885242836
0,0003274322738980863 67761122,98125996 3,819076748262159 8,143396341722363
0,00034234676964562804 93737490,98126568 18,405902019597548 8,112020302666306
0,00036638030523514356 77821212,98125783 10,103221312634762 8,063470904702367
0,0005457743294174418 53733330,95400259 1,6167784707884245 7,823321396209398
0,0004042562180377008 53733330,96717412 1,9001925269433653 7,976641795739049
0,00045764132187736504 47598850,96750316 1,7902109099437293 7,9240561802992815
0,0003338084697112646 60442482,98053302 5,281402287668291 8,126752865963248
0,00034499558614425115 42005250,98107889 5,094159273309556 8,096477571917923
0,0007017886567116582 31229172,950018823 1,3825555082958223 7,6410801108115445
0,000431600657160578 52147172,97013749 2,1185297346537624 7,969680835970503
0,00041389715794179125 82143700,96232174 3,4360874421972487 8,01525872073254
0,0004577828185222677 60442482,95774876 3,4459665827312795 7,9523763956311
0,0004441666850251771 123528900,96932295 10,909360822149997 7,939089628427664
0,0006441176026718006 58709432,942240745 1,8104847773506143 7,723427775304302
0,000645624723212479 31229172,953638162 1,7970906406087173 7,709316140720712
0,00047872439135365747 31229172,96620371 2,0042664617278545 7,888744453181674
0,00041637655835820547 38145252,96902969 2,461253565452308 7,978718723460671
0,0003459895753556714 40687500,977978125 3,4153900218682915 8,099339243807808
0,0006776872783639916 35724040,944021344 1,415760560925524 7,6650132858733935
0,0005378784887804428 22672872,96325487 1,5767829901159394 7,765841564184592
0,0004107114191799312 73671600,9668138 9,885080377881929 7,972269519112722
0,0004699172876912489 77821212,97209689 30,782811041335346 7,887775274189853
0,000392589475334853 82143700,97219895 16,878383727211258 8,013111678543526
0,00042836966098221515 65872380,957194895 4,203669818527685 7,969842189809949
0,00044628481538217386 52147172,955982976 3,913931913496811 7,934807235415339
0,0006769660045507285 57013920,95337784 8,006283902456927 7,691806834629738
0,0005128514496857741 65872380,950997464 2,867895759378969 7,8398328999859315
0,0005440956938496213 73671600,96626826 5,427350225434175 7,79913291861782
0,000990267643236951 32310642,918356974 6,472194663461666 7,415495261633431
0,0005379408326497234 24399650,957548946 2,6127897026535645 7,76685615943898
0,0005351323055210394 55355400,95186179 2,763330365087831 7,845576671235669
0,0004066532045078375 65872380,967467785 2,95763002172174 7,996562682000331
0,0003971499016184563 71660160,96277598 3,7317375463583318 8,012292469907642
0,0006374597752810545 47598850,94562065 1,8371050260903221 7,726337199565421
0,0004486545329144918 69690192,96156605 3,1260031203861045 7,9514793839464595
0,0004311869828637578 49080460,9672034 3,616891999391846 7,949811177560211
0,0004255091459358235 65872380,96029762 6,434618899910235 7,954068586762975
0,0004431928699706763 75725090,96944386 10,943378753582756 7,930224460619764
0,0006257325187807889 58709432,94527497 1,7578098278635057 7,731250119934087
0,000499045196876699 36919762,956141315 2,9433781075113714 7,885460151396069
0,0006783466853409169 47598850,93502923 2,0530988031395148 7,716588198967534
0,0005166475217444626 64023400,95597464 2,6217243932598633 7,84890096268736
0,0005887090985447719 73671600,94498542 1,8329824435852782 7,798422574060978
0,001017064179665529 29147900,92481468 1,1920825564272777 7,292219048029411
0,0006834686054210735 62213620,94197425 2,059447001917359 7,723250944307437
0,0003837587715516924 75725090,97170527 2,408637804164008 8,051954102954832
0,00043333339693772276 57013920,96099138 2,308188541021091 7,9738949061768505
0,00038379482656903004 88961952,96594734 2,5745327745556863 8,043663611114507
0,0006739664907773957 44736512,948746346 1,210332804283349 7,666873891072856
0,0005386024426515335 28147170,959783427 2,2281146631412643 7,826212544092396
0,0006325395707501454 75725090,94083916 1,4791534241508177 7,726751412715379
0,0006589376545695186 86643800,93806943 2,136164289127318 7,773229018067839
0,000650113794040768 106517280,94637832 1,8092543394195664 7,777913400062406
0,0013180562433985166 26223232,905649737 1,0404302019993579 7,090320664472069
0,0009869517265210033 71660160,92309453 1,345218912733611 7,439991372059641
0,00045663591856855796 55355400,96446064 1,950937068902216 7,93789596563499
0,0004879818748296684 32310642,96556858 2,0681653930183814 7,8717539266961385
0,00037869260361284604 35724040,972719744 3,18543225304835 8,029350025701014
0,0008609990873926155 31229172,93505207 1,1404273272511367 7,450524602918611
0,000561412076496653 33419960,954035867 1,9945060889200497 7,783146688660802
0,0007695116969345562 44736512,936468266 1,4855601052856342 7,568577375646516
0,0004691390995109808 53733330,95534577 4,216214608732532 7,911621340218245
0,00048537522804343073 67761122,9527989 2,989239837312719 7,909671179242013
0,0013694231596199117 40687500,90547696 1,1125714217773348 7,104813069607387
0,000896445289264974 25299120,929202434 1,4597342062821952 7,453007799950853
0,0003583946089379262 50596392,97283223 2,7910756296510124 8,08501619256122
0,00032004897480415403 79960552,98003085 5,967907944908571 8,159526413328848
0,00047803650117320443 64023400,97135778 23,0291012018942 7,8930213666072975
0,0005496534745952173 60442482,953735754 1,6515603599192472 7,827080217807153
0,0003716968287370114 57013920,97295907 2,4306949045815935 8,053459415990286
0,0006266531923651856 24399650,955187425 1,593877096778199 7,612864436744852
0,0004454945279117102 38145252,96757187 2,806407329901854 7,90519873552123
0,0005743793497815426 24399650,961807583 2,1437085648306766 7,689084392618555
0,0006688513879316942 20256600,95790296 1,5886658219176593 7,578626057045737
0,0004989910406274161 26223232,966378596 2,688148372643655 7,811613122149348
0,00046313533632816767 57013920,96035192 1,7389509873195128 7,915642544678077
0,00035764041117810686 64023400,975826286 3,014603783024063 8,101118899723062
0,0003392842528302331 62213620,97848785 4,8239823682212215 8,120978358552025
0,0011371456360765985 39401000,929250404 1,1158459578954232 7,287692878535854
0,00044557633472516153 35724040,96401936 2,0724873290890224 7,94057643539165
0,00044076151110852493 24399650,969396055 2,421550424546006 7,897975559776589
0,0003556073227852928 57013920,977077946 3,830419055588255 8,109566027388281
0,0003951049654619371 47598850,97334869 2,1940245997866374 8,016168381602746
0,000733317906376998 32310642,947721828 1,0653107957159187 7,5158669741979205
0,00044461839185774604 23524380,973536 2,3268928033855842 7,8983257780840415
0,00039729478086059794 36919762,96862362 2,411287360524228 8,021548458154838
0,000397549793999823 62213620,968152784 2,5072684503206766 8,04721756297683
0,0003641756931418753 67761122,97037035 2,503332148876922 8,07592362948181
0,0007790245057895369 26223232,94619535 1,2337275783133148 7,511727316645513
0,0004135560186726235 38145252,96966903 2,342156776109588 7,99707421166406
0,000463303468758043 58709432,96601419 6,065396968509431 7,952755319439804
0,0004358388260063056 77821212,95598695 3,440382674893802 7,956209462074028
0,00043250280452003753 71660160,96918371 4,06248487081573 7,9610483012001145
0,0007704641669330914 53733330,94447314 6,474077208580728 7,699511958364321
0,0005332849303904747 49080460,96026244 4,31351847220842 7,833048338723051
0,000450897784676343 40687500,960730985 3,4776403233991164 7,911894426397614
0,0004435580690469583 42005250,961432844 3,555242178690946 7,950408680641571
0,0004661622057725523 71660160,96716785 13,989828371968267 7,904118835146723
0,0010796472245963068 36919762,92877976 1,1258206730114755 7,4078705445361575
0,0007009400237753229 20256600,947682198 1,5283016549426907 7,631659644732051
0,0004665720638058387 47598850,96310712 2,185982933707918 7,932522238380281
0,000514069999987856 40687500,962188825 2,2117196124461564 7,866026542458258
0,0003932569571785694 47598850,96967527 3,6329520819410215 8,029596864425276
0,001088729584941442 40687500,916147515 1,1827164044281018 7,319951118475867
0,0005120264081969158 55355400,95291553 2,1635025653388604 7,880246463182465
0,00039627372219786834 77821212,96735713 4,222742841995363 8,038653009019988
0,00039006241499055537 52147172,966776446 3,512349458037859 8,022740216876803
0,0003790730243767203 65872380,96719081 4,985479600745885 8,03521585075514
0,0005805499010286725 38145252,95454608 1,5072067951645527 7,766586473529932
0,00040547433467346815 35724040,96695334 3,9255380042330636 8,000566751295883
0,000748385850613057 60442482,93327776 1,8262076838028949 7,631162380896439
0,0007349580757427716 60442482,93619118 1,729594268146763 7,657867902703365
0,0005422891093725543 91326312,94436885 3,1789979915523174 7,846577213737913
0,0016275633712247843 40687500,89185971 0,9647725554378601 7,015815216909702
0,0009056014162501042 36919762,92584555 1,4655075502506516 7,47054592072584
0,0006453777502467156 21844692,95341938 1,4909094883206415 7,644558177782418
0,00034057369022798614 73671600,97459576 4,56029400943858 8,128726458911478
0,00034071065939655904 71660160,97207995 4,2510530330775005 8,130383534328768
0,0007135758545698319 31229172,938050937 1,4711758480636115 7,633409403435092
0,00040312331683261133 60442482,973502666 1,8718603937091436 8,007989980413308
0,0005276991868409697 65872380,9572175 1,8628142360877527 7,889081205869517
0,0004292277391708717 64023400,96394809 2,381421885822021 7,9923332768053434
0,00047969202232653124 84371250,95463318 2,7473920365195372 7,9438080176781005
0,0004834741563498874 64023400,95742162 2,190506516045949 7,927826408237294
0,0004697266739996722 65872380,962240465 2,1488173052791355 7,934169178505886
0,0004744508613567032 57013920,961034864 2,0853494004118067 7,945192142961591
0,0004817873418353876 62213620,96167616 2,355619724156915 7,914408287014906
0,00043524714036095614 62213620,96022258 2,538451637676303 7,961387342101748
0,0004967680063891209 64023400,96176141 2,1654596611429264 7,941501451707161
0,00048614658164262563 58709432,95927933 2,067668451091678 7,906582696258881
0,0008662803538231436 43354752,937673986 1,248218749371095 7,583336531084553
0,0005271543111375341 43354752,958021775 1,7539302834201058 7,873053176073666
0,0006553362292991568 42005250,94538744 1,367855659821137 7,6969936282134865
0,0007351632085825714 44736512,94553939 1,2875354037580233 7,67666590127356
0,0009361213596098142 43354752,93188883 1,0989759139285962 7,550768357509515
0,0006705590617958921 46151040,95557898 1,2817904140451133 7,703319869235674
0,000567687392851898 46151040,95485845 1,6414876601351256 7,831384814000925
0,0005692129355375868 42005250,95463154 1,6002212658179842 7,820197863318461
0,00048376482553343233 40687500,96507093 1,7208602391257686 7,898793018849356
0,0006929955431245606 42005250,949616894 1,344151951752333 7,712546012989721
0,0008150059039331991 49080460,940262415 1,2637909146983803 7,591843580258954
0,000471168076747135 62213620,959562495 1,9958792718973066 7,950702746127238
0,001025017134156065 50596392,93209073 1,037091368418629 7,45109434056424
0,000730979438839261 50596392,948785886 1,3367846679348663 7,680190051162739
0,0009722002199208628 53733330,9322699 1,1814027377512273 7,512504825353993
0,000728926566589208 36919762,94948374 1,4432558912649573 7,699925174756986
0,000917721479024171 46151040,9347689 1,2183141938454987 7,53399902959243
0,0006946911437185811 40687500,95455657 1,3456339565775495 7,702862640852621
0,0007331606416249253 44736512,94721787 1,2243203994541227 7,663551577133553
0,0007730314107980507 47598850,94384008 1,2739113687957149 7,633753802058657
0,0003776795244102898 57013920,96853812 2,9205715403964425 8,057513502356368
0,00038205203440673014 57013920,96770921 2,095850822081038 8,057608759183296
0,00037057809107373437 52147172,970895484 2,628516260255321 8,072830321825686
0,0003951803366672938 55355400,96781542 2,215198521721223 8,043006477754792
0,00038528091429347675 47598850,97285096 2,1561709871938577 8,03756906765251
0,0004100942079353551 52147172,96669725 1,9165846055345868 8,010085168868837
0,000389972455250397 57013920,972203135 2,1261680889408234 8,033161004732202
0,0003503926067872869 57013920,97274672 2,5181259284386734 8,107769520742258
0,000411003398035761 58709432,96718443 2,081863611764157 8,016672597577895
0,0003786565485955164 64023400,970081165 2,336558681603353 8,06586583412501
0,0006243683433305002 49080460,944475256 1,6032180696162392 7,741884817105718
0,0005112936855929599 53733330,96066226 1,6970074715207932 7,857610498983723
0,0006016199344955728 47598850,9526115 1,552220565142696 7,775621861249942
0,0006598676693263157 52147172,94838405 1,5196406664742503 7,746403477760274
0,0005424247601955348 49080460,95237823 1,6306797121902628 7,816293966789489
0,000841316413177146 53733330,9342691 1,2462315996046227 7,558503450023304
0,0005519574830076515 53733330,952900946 1,6411835039531952 7,820956998086244
0,0006197403258152354 46151040,95692011 1,4164590845399583 7,754961213357952
0,0006623670183931782 40687500,956216276 1,4039693821239119 7,724309079379592
0,0006567525401137024 58709432,94446066 1,440978986333151 7,704657473097086
0,0006957265654096332 49080460,954444036 1,3189559057099864 7,672025431515097
0,0005235342729089854 49080460,96091634 1,533090565500613 7,860394868792315
0,0006427395152061645 46151040,95417331 1,3556705035209045 7,720942368339768
0,000559483996065088 50596392,95906295 1,5840700048650214 7,814209896691931
0,0006148014476128514 40687500,956205875 1,5242820856134727 7,760064296640779
0,0006609572125733428 43354752,95281979 1,4624911505306568 7,716782855086285
0,0005377834638177465 57013920,958256945 1,5614394361178061 7,864506695641371
0,0006599456078362483 53733330,95017906 1,520379522084707 7,7258297581517485
0,0005897936893224966 57013920,9544794 1,6143147317354152 7,778656280093435
0,0005738941986028684 60442482,95659922 1,495930549568687 7,821562237817266
0,00040530326198596534 64023400,9732797 2,4075040075826735 8,026277100643428
0,0003936103431844313 62213620,969475105 2,3496001606480594 8,029276496641236
0,0003936305173413528 60442482,97502696 2,6604630573193915 8,04131218979669
0,0003734937598019346 65872380,97484371 2,799549710235234 8,07263455595781
0,00040520751713718386 71660160,97298819 2,737513788936875 8,035276383309359
0,00040209412258982715 75725090,96881276 2,548051812508513 8,02305904740958
0,0004101955557529119 65872380,97123477 2,3028179828092354 8,014334475414062
0,00038216302696310897 67761122,97594744 3,0587468700175178 8,06770452456431
0,0004150863403610916 71660160,97072247 2,4054428485125037 8,015485200111032
0,00039045725082270124 69690192,97065584 2,1102045500769764 8,043880379675903
0,0004235434839814843 57013920,96648076 2,050890440380017 7,988408560419922
0,0003968046598659595 60442482,97431484 2,2047834560811412 8,025041321459796
0,00047598671662733237 64023400,96359843 1,7924310813655595 7,9295450186074605
0,0005178543283627649 64023400,96146401 1,7846939852944612 7,878980441525516
0,00043570141449807983 55355400,97278431 2,4869470442820227 7,977418314809048
0,0004649691984163805 60442482,964922935 2,0185898994024285 7,944547761225553
0,0003679529093892307 60442482,9755352 2,526873917782602 8,06956699987259
0,00039398601963882933 60442482,972017884 2,078392374798325 8,012889238795985
0,0003886669635257043 65872380,97050396 2,189372117112783 8,036639577755984
0,00041181149184506846 52147172,97050822 2,2295735107864116 8,007966392322182
0,00041903805525984455 69690192,96709675 3,8269006506485286 8,030022585232128
0,0005188875903955755 62213620,95742175 2,1254182904686623 7,884115691584279
0,000700376925413385 88961952,94649681 1,3172234479978902 7,694357593930578
0,0004280124066728384 79960552,96503288 2,38578541466521 8,005992833580818
0,0004704862405484568 75725090,96517873 2,050363397325069 7,9508309115672215
0,0005142131966047043 73671600,96476212 1,7190887731323383 7,914070359425233
0,0005860888519829239 53733330,95724271 1,61600201935615 7,833956053434349
0,0005219247810982552 75725090,95775476 1,624289886536828 7,897126999472372
0,0004209895536723648 82143700,96173637 3,2180301186024125 8,018921331663478
0,0005612044977788488 77821212,95768183 1,6615154301072708 7,8304568690248235
0,00047103156726485283 79960552,95383364 2,4738456221316625 7,943078929331606
0,00047103156726485283 79960552,95383364 2,4738456221316625 7,943078929331606
0,0005651927620745244 64023400,94993744 1,781775874682599 7,829374974927761
0,0005651927620745244 64023400,94993744 1,781775874682599 7,829374974927761
0,0004944633474772128 79960552,95606801 2,03549285024979 7,9150506225098365
0,0004944633474772128 79960552,95606801 2,03549285024979 7,9150506225098365
0,0006677069772226327 67761122,94168457 1,7654408387483045 7,760612547882753
0,0006677069772226327 67761122,94168457 1,7654408387483045 7,760612547882753
0,0005380919913801033 58709432,95549135 1,8615189970668866 7,8532814591267455
0,0005380919913801033 58709432,95549135 1,8615189970668866 7,8532814591267455
0,000625538852078331 84371250,94028294 2,3866565149865773 7,8437423682306555
0,000625538852078331 84371250,94028294 2,3866565149865773 7,8437423682306555
0,0005844327844100811 79960552,94320258 2,372113714789469 7,841141685881996
0,0004538708101112213 82143700,95794627 2,1283791797736726 7,96919858534228
0,0004538708101112213 82143700,95794627 2,1283791797736726 7,96919858534228
0,00041969436585928695 73671600,9605995 2,6943034198970683 7,999116247752977
0,0004840967624034221 75725090,95289864 2,8425748172600405 7,939828429807988
0,0005534629035763792 62213620,9565846 2,0968339084899923 7,842019439394162
0,0006970196542777471 64023400,94074136 1,5623236051785883 7,668320725286108
0,0005802306879283448 53733330,95277173 1,691284726474575 7,813709487041191
0,0007251367653454155 73671600,9439482 1,5321306865731628 7,70607144860684
0,0006365009564076925 62213620,95155135 1,868342754370015 7,747667941481616
0,0006186461249920011 62213620,948812954 1,7978866713446229 7,802808279970076
0,0006044767980716115 65872380,95104745 1,9012529286778503 7,794473981601429
0,0004890455195244376 77821212,95817976 2,3547174124659254 7,9274376163949025
0,00040124998243651024 75725090,96378987 2,941361146569956 8,032093756349859
0,00045638499056602005 73671600,95719483 2,614779841758261 7,960485047883717
0,0005897488308789852 58709432,950680934 1,7031721673654703 7,814603227649499
0,00041240982125835454 55355400,969756275 2,3405473694447556 8,017091005637237
0,0005605688470425957 65872380,95221768 1,8993496902996523 7,863329538824129
0,0005481277064030482 58709432,95696155 1,8475163889658963 7,858197546775358
0,0006693976340206723 62213620,94973746 1,4376741009839415 7,749215080906049
0,0007408806045516604 71660160,94017264 1,7283092976144538 7,717134056035819
0,0005398494241171536 60442482,963548385 1,7871946090636197 7,8812084621108776
0,0006566860330478035 65872380,94900862 1,5289168838206857 7,769844820107071
0,0006321396350021473 69690192,94901268 1,7152207950770855 7,806686163497764
0,0006296198082119401 62213620,9505704 1,7828708848926749 7,780922094196754
0,0006676745650023332 71660160,94848593 1,449676597724631 7,752182521884055
0,00038591899356109333 86643800,96740082 3,283446703382343 8,060530671432273
0,0007501183822303695 69690192,94047058 1,5100818458462344 7,688523842713402
0,0005598260113402016 62213620,95402542 1,7540776154147988 7,859581487444634
0,0005855377575045532 71660160,95190327 1,5268184292253704 7,8179808591884825
0,0007738049327288162 77821212,93475837 1,4190576260954 7,652227148367002
0,0005154358754100976 67761122,95517075 2,159073622536332 7,898693976322251
0,0006995214232026429 79960552,93823394 1,5205436688026703 7,705282130225323
0,0005217454947707663 69690192,95864426 1,979344778309444 7,872681234556147
0,0005387148402867693 69690192,95528111 1,8546748538114228 7,8728081153347516
0,0004293393735533914 71660160,97050579 2,0814008278405676 7,992800217107032
0,0004083655532948931 65872380,966524206 2,076079016686149 8,012399926265179
0,000405966008193511 69690192,96949366 2,143936225681892 8,03480916759981
0,00045567500075023625 67761122,96391892 1,94728787068288 7,950303718053537
0,0004538473661102867 58709432,966911525 2,156899701399462 7,968655214750625
0,00040482429488892385 69690192,97052455 2,3409542110510784 8,021346306390875
0,00036698488811668474 69690192,97277562 3,2047334418846707 8,07561900264924
0,00046187235257556374 69690192,96361063 2,012688507366939 7,947482484801388
0,00045296220979699933 60442482,9680465 2,3026321085806574 7,961687383193128
0,00046778009336314897 67761122,96444163 2,049990958937308 7,951902407709383
0,0006174953827547577 71660160,95436877 1,7024349505271608 7,798869073833848
0,00048246128530715724 82143700,95703849 1,8334294654848562 7,927476799549205
0,0005387944440753454 58709432,956757516 1,615186511772707 7,847625804609253
0,0005641895270972944 65872380,9577425 1,5658000969917634 7,8463757787653945
0,00064004203267381 82143700,95531623 1,4224393228030725 7,775778650563632
0,0006859993692757137 52147172,95251774 1,4528681442718183 7,704372564404618
0,0005867341908246251 60442482,954333514 1,4745517442799907 7,779353790380031
0,0005808271005365162 69690192,95036837 1,795507373638749 7,832403158104021
0,0005155062681261654 71660160,96054743 1,6557153565063005 7,887373419606333
0,0005752671601326764 73671600,9585878 1,435042431385672 7,83105134097455
0,0005212364919448205 62213620,95653268 1,8215543489210595 7,888136402062035
0,00034126068705579894 69690192,97829434 3,409844527012018 8,126333188900343
0,00033419749441480375 84371250,97295474 3,2299322857712864 8,134311444779694
0,0003901092249324746 57013920,97094342 2,2777229226289513 8,038893281388319
0,0004227107319055669 67761122,97198449 2,5148717466780446 8,007210983929342
0,00038854781804262734 60442482,97228033 2,6575709629386157 8,048617347873687
0,0003643330706471829 69690192,9723677 2,7734334312285447 8,086048730794934
0,0003903383048261254 65872380,97227186 2,693183068677197 8,048621570845954
0,0003948658245098067 67761122,97278208 2,6195248606352854 8,041918348948982
0,00046099665886124646 65872380,96454385 2,3844782774277746 7,953389890853819
0,00047621366288272307 69690192,95341088 2,3260452749327314 7,922689216545111
0,00040235861567467293 82143700,96627417 2,441957388404449 8,037317744843183
0,00044194084062918506 69690192,9632276 2,2757921165190673 7,983169458487238
0,0004073505139205985 82143700,96690717 2,6748327570502797 8,036077698921032
0,00045361915354926737 75725090,9653662 2,0219896287615087 7,953261293155292
0,00038249343732766656 86643800,96494134 3,796858883947986 8,05602216540841
0,00037662540302778455 77821212,96629292 3,470638921518572 8,065375407632992
0,00039189929539631605 77821212,96619925 2,6696296858154405 8,046817859328804
0,00040046981673781706 86643800,9641938 2,697449940293228 8,04272620622571
0,00039488709150584263 86643800,96483098 2,8194471879767384 8,03912010960952
0,00034063315455294495 62213620,9773822 2,513513116705875 8,120872899774307
0,0004163682059450042 62213620,96628683 1,8802138705307299 7,998138638499717
0,00040371498513130846 65872380,9732672 1,76362992183091 8,027159245940767
0,00045426514289044056 58709432,96731137 1,6685136388845812 7,950728419435382
0,00047499443606118804 64023400,96589323 1,708388337238012 7,934444554045266
0,0003916843963911275 71660160,97094314 2,3100829598618717 8,054689743355478
0,00041974522624458027 71660160,96897495 1,978730075277436 8,016350308188361
0,0003991490165922426 67761122,97203425 2,571773708279909 8,044418144795825
0,0005640892200788889 67761122,95770885 1,3523098105558145 7,8443378963285655
0,00042909396178635934 64023400,96793391 1,9417057800866169 7,9750989939171095
0,000939518007646754 62213620,934250265 1,2721337497781797 7,543493270522161
0,0006767867008765796 47598850,947961345 1,5459895768688883 7,7301430316349995
0,0009305477587170852 55355400,93497915 1,1679345879231662 7,597320159272698
0,0008953166032964558 50596392,93303415 1,1921904478621266 7,567159760718216
0,0007472642680987622 50596392,94376513 1,4136032943263073 7,6518471988073085
0,000678701259592482 52147172,95023738 1,3903244061720565 7,722677558015148
0,000771128647805885 49080460,94341118 1,2627539571868205 7,627682782941576
0,0011999130585773948 52147172,92910664 1,1623607704815853 7,445762157444998
0,0008498701603056218 58709432,93437934 1,207209661317083 7,591951295286858
0,0006663656212937821 50596392,94705124 1,3909607857690607 7,725609224551784
0,0008795576725024873 65872380,93549524 1,2143951106140598 7,585529453018282
0,0005309508342091957 71660160,95600134 2,1881010438194815 7,867212121927301
0,0005338192766758136 77821212,959783 1,719818995687394 7,8783173324166444
0,0006258496780721486 64023400,94941026 1,731223974049922 7,787579692146307
0,0009675574143842968 73671600,92811903 1,17510737708117 7,526941657495282
0,0007150507363567301 67761122,9453952 1,5288310278019772 7,715200625305362
0,0006879510324814366 57013920,94700931 1,676526240571246 7,725573839076932
0,000613386680650382 64023400,95351266 1,6307763195012137 7,804580034965159
0,0007144618521957674 60442482,94208215 1,555100436430026 7,696154091397693
0,0005685935819814093 73671600,9549329 1,863628074068967 7,852302477992698
